[metadata]
addr = 0x13d1
size = 0x179
last_change = 2023-03-04T03:52:50.484889Z

[header]
last_change = 2023-03-04T03:52:50.484889Z
name = "encrypt"
addr = 0x13d1
