[metadata]
addr = 0x13d1
size = 0x179
last_change = 2023-03-04T03:53:27.654077Z

[header]
last_change = 2023-03-04T03:52:50.484889Z
name = "encrypt"
addr = 0x13d1

[stack_vars.-0x18]
last_change = 2023-03-04T03:53:09.779466Z
offset = -24
name = "sum"
type = "long"
size = 0x8
addr = 0x13d1
